
# Please make this file available to others
# by sending it to <lirc@bartelmus.de>
#
# this config file was automatically generated
# using lirc-0.9.0(iguanaIR) on Mon May 28 14:40:01 2012
#
# contributed by 
#
# brand:                       home-analog-tv-remote
# model no. of remote control: 
# devices being controlled by this remote:
#

begin remote

  name  home-analog-tv-remote
  flags RAW_CODES|CONST_LENGTH
  eps            30
  aeps          100

  gap          107322

      begin raw_codes

          name KEY_POWER
             8981    4416     554     512     554     512
              554     512     554     512     554     512
              554     512     554    1642     554     512
              554    1642     554    1642     554    1642
              554    1642     554    1642     554    1642
              554     512     554    1642     554     512
              554    1642     554     512     554     512
              554    1621     554     512     554     512
              554     512     554    1642     554     512
              554    1642     554    1642     554     512
              554    1621     554    1621     554    1621
              554

          name KEY_MUTE
             8980    4437     533     533     533     533
              533     533     533     533     533     533
              533     533     533    1642     533     533
              533    1664     533    1664     533    1664
              533    1664     533    1664     533    1664
              533     533     533    1664     533     533
              533     533     533     533     533     533
              533    1664     533     533     533     533
              533     533     533    1664     533    1664
              533    1664     533    1664     533     533
              533    1664     533    1664     533    1664
              533

          name KEY_VOLUMEUP
             9002    4373     576     490     597     469
              576     490     597     490     618     448
              618     469     618    1578     618     469
              597    1578     618    1578     618    1578
              618    1578     597    1600     576    1600
              597     469     618    1578     618     448
              597    1600     576     490     597    1578
              597    1578     597     469     597     469
              597     469     618    1578     576     490
              576    1600     576     490     618     469
              618    1578     618    1578     618    1578
              618

          name KEY_VOLUMEDOWN
             8981    4352     576     490     576     490
              618     448     618     469     597     469
              597     469     576    1600     576     490
              618    1578     618    1578     618    1578
              597    1578     618    1578     576    1621
              597     469     618    1578     618     448
              576    1600     576    1600     597    1578
              597    1578     597     469     597     469
              576     490     618    1578     618     469
              618     469     597     469     597     469
              576    1600     618    1578     618    1578
              576

          name KEY_CHANNELUP
             8896    4373     597     469     597     469
              618     448     618     469     576     490
              618     448     576    1600     618     469
              576    1600     618    1578     618    1578
              597    1600     554    1600     618    1578
              618     469     618    1578     576    1600
              597    1600     597     469     618    1600
              597    1578     618     469     618     469
              576     512     597     490     554     490
              618    1578     618     469     576     490
              618    1578     597    1578     597    1578
              597

          name KEY_CHANNELDOWN
             8981    4309     576     490     576     490
              597     469     576     512     597     448
              576     490     576    1621     597     469
              618    1578     597    1578     576    1621
              597    1600     618    1578     597    1578
              597     469     597    1621     576    1578
              618    1578     597    1578     597    1578
              618    1578     576     490     618     469
              597     490     618     469     597     490
              618     469     618     469     618     469
              597    1600     618    1578     618    1578
              597

      end raw_codes

end remote
