
# Please make this file available to others
# by sending it to <lirc@bartelmus.de>
#
# this config file was automatically generated
# using lirc-0.9.0(iguanaIR) on Mon May 28 14:03:30 2012
#
# contributed by 
#
# brand:                       home-tv-remote
# model no. of remote control: 
# devices being controlled by this remote:
#

begin remote

  name  home-tv-remote
  flags RAW_CODES|CONST_LENGTH
  eps            30
  aeps          100

  gap          108014

      begin raw_codes

          name KEY_POWER
             9024    4416     576     490     597     512
              576    1621     576     490     597     490
              576     512     576     490     597     490
              576    1621     576    1621     597     490
              597    1621     597    1621     597    1621
              597    1621     597    1621     576     512
              576     490     576     512     576    1621
              576     490     597     490     576     512
              576     490     576    1621     597    1621
              597    1621     597     490     576    1621
              576    1621     576    1621     576    1621
              597

          name KEY_MUTE
             9023    4416     597     490     597     490
              618    1578     597     490     597     490
              597     512     597     490     597     490
              597    1621     618    1557     618     490
              597    1621     597    1621     597    1621
              597    1621     597    1621     597    1621
              597     490     597     490     597    1621
              597     490     597     490     597     490
              597     490     597     490     597    1621
              597    1600     618     490     597    1621
              618    1578     597    1600     618    1621
              597

          name KEY_CHANNELUP
             9045    4394     618     490     597     490
              597    1621     597     490     597     490
              597     490     597     469     618     469
              618    1621     597    1600     618     469
              640    1621     597    1621     640    1578
              618    1621     597    1600     597     469
              618     490     618     469     597     469
              618     490     597     490     597     469
              618     490     597    1621     618    1578
              597    1600     576    1578     597    1600
              597    1621     597    1600     618    1621
              597

          name KEY_CHANNELDOWN
             9045    4415     597     490     597     490
              597    1621     597     490     597     490
              597     490     618     469     597     490
              597    1600     640    1557     618     490
              597    1621     597    1600     597    1600
              576    1600     597    1578     597    1621
              618     469     597     490     597     490
              597     490     597     469     618     490
              597     469     618     469     640    1578
              597    1621     618    1600     597    1642
              597    1642     618    1578     618    1600
              618

          name KEY_VOLUMEUP
             9045    4394     576     490     597     490
              597    1621     618     469     597     490
              597     490     597     490     597     490
              597    1600     597    1600     597     490
              597    1621     597    1621     597    1621
              597    1621     597    1621     597     469
              618    1621     597     469     618     490
              576     490     576     490     618     469
              576     490     597    1600     576     490
              597    1621     597    1621     597    1621
              597    1600     597    1600     597    1600
              618

          name KEY_VOLUMEDOWN
             2154     320     426     426     149

      end raw_codes

end remote
